Vertex Count:18
Data:
-3.0 3.0 3.0 0.5 0.0 0.0 8.0 -8.0
-1.0 1.0 1.0 1.0 1.0 0.0 8.0 -8.0
-5.0 1.0 1.0 1.0 0.0 0.0 8.0 -8.0
-1.0 1.0 1.0 0.0 1.0 8.0 8.0 0.0
-3.0 3.0 3.0 0.5 0.0 8.0 8.0 0.0
-1.0 1.0 5.0 1.0 1.0 8.0 8.0 0.0
-1.0 1.0 5.0 0.0 1.0 0.0 8.0 8.0
-3.0 3.0 3.0 0.5 0.0 0.0 8.0 8.0
-5.0 1.0 5.0 1.0 1.0 0.0 8.0 8.0
-5.0 1.0 5.0 0.0 1.0 -8.0 8.0 0.0
-3.0 3.0 3.0 0.5 0.0 -8.0 8.0 0.0
-5.0 1.0 1.0 1.0 1.0 -8.0 8.0 0.0
-5.0 1.0 5.0 0.0 0.0 0.0 -16.0 0.0
-5.0 1.0 1.0 1.0 0.0 0.0 -16.0 0.0
-1.0 1.0 1.0 1.0 1.0 0.0 -16.0 0.0
-1.0 1.0 1.0 1.0 1.0 0.0 -16.0 0.0
-1.0 1.0 5.0 0.0 1.0 0.0 -16.0 0.0
-5.0 1.0 5.0 0.0 0.0 0.0 -16.0 0.0